Template: NONE
DangerType: None
WaveSpeed: 0.5
WaveLength: 0.75
WaveAmplitude: 0.04990017
SecondWaveLength: 0.1666667
SecondWaveAmplitude: 0
Clouds: 1
Palette: 2
EffectColorA: 1
EffectColorB: 13
Effects: Fog-1-20-20, DustWave-1-30-30, Dustpuffs-1-40-40, HeatWave-0.07070392-50-50, SandStorm-1-338.0786-99.02858, SandPuffs-1-260.2643-140.7393, 
PlacedObjects: ClimbableRope><435.3396><1355.496><10.57019^-1036.696, 
FadePalette: 15, 0.672994, 0.7790502
MorePalette0: 10, 0.07070392, 0.2045806
