Template: NONE
Clouds: 0
Grime: 0
Palette: 81
EffectColorA: 19
Effects: Fog-0.5543478-20-20, Darkness-0.3478261-30-30, 
PlacedObjects: ColouredLightSource><959.1592><707.28><159~-431~FF1319~762^-777~0.08695652~True~1~0~0.5~Always~0~100, ColoredLightBeam><97.67703><5.185394><5~709~1855~704~1851~-2~0~0~0.09565204~0~0~1~None~0~0~EffectColor1~EffectColor1~EffectColor1~EffectColor1~EffectColor1~EffectColor1, 
BackgroundOffset: 5000,-869.5653
