Template: NONE
Clouds: 0
Grime: 0
Palette: 80
EffectColorA: 2
EffectColorB: 11
Effects: ZeroG-1-20-20, SuperStructureProjector-1-30-30, ProjectedScanLines-1-40-40, Contrast-0.09782609-50-50, SunBlock-1-63-129, Darkness-0.1521739-196-0, 
PlacedObjects: LightFixture><399.8958><312.137><RedLight~177.3205~157~41, DeepProcessing><372.7667><131.9493><0~238~53~238~55~1~0~0~0~1~1, ZapCoil><278.7142><162.4468><27~166, ZapCoil><484.6993><167.0157><39~161, ZapCoil><383.6518><64.92422><22~23, ZapCoil><377.3177><404.3118><44~38, ZapCoil><777.6434><41.38936><91~321, ProjectedStars><228.1779><392.0635><0~100, NeuronSpawner><412.9432><302.3082><37~222, LightSource><438.3198><338.0869><0.2826087~EffectColor1~648~-24~50~86.60254~1~1~None~0~0, LightSource><891.8298><428.1051><1~EffectColor2~-89~-5~50~86.60254~1~0~None~0~0, LightSource><632.3003><589.4896><1~EffectColor2~3~-61~50~86.60254~1~0~None~0~0, LightSource><896.4442><610.8079><1~EffectColor2~28~68~50~86.60254~1~0~None~0~0, 
