Template: NONE
Clouds: 0.8043478
Grime: 0
WaterReflectionAlpha: 0
Palette: 81
EffectColorA: 20
EffectColorB: 2
Effects: Contrast-0-20-20, Darkness-0.6847826-31-88, Fog-0.6956522-27-113, WaterLights-1-30-30, FairyParticles-1-40-40, DirtyWater-0.6413044-50-50, SilenceWater-0.3152174-60-60, WaterFluxRumble-0.7826087-70-70, 
PlacedObjects: PlacedWaterfall><2735.053><381.6977><100~50~1.173918~4, DeepProcessing><6110.749><243.2><0~71~264~67~267~0~-58~158~0~1~0.2173913, PlayerPushback><6451.199><521.5565><-299~123, PlayerPushback><-85.52579><571.0516><232~4, BlueLanternStick><1038.729><265.0511><15~-122, CacaoFruit><515.8019><351.5277><100~50~CacaoFruit~1~1, ClimbableRope><580.2113><407.4462><-9^-206, ColouredLightSource><1036.448><264.7802><100~50~1916FF~228^-186~0.326087~True~1~0~0.5~Always~0~100, BlueLanternStick><1606.42><361.3557><-35~-128, ColouredLightSource><1608.739><363.9497><100~50~1916FF~251^-16~0.3586957~True~1~0~0.5~Always~0~100, FairyParticleSettings><1482.849><245.9235><5~8.660254~0~1~1~0~1~1.448696~60~495.2173~40~100~5~30~0~360~0~0.1999999~0.1521739~0.2282609~0.05434782~0.1413043~1~0.1195652~7.790894~Pixel~SIN_IO~SIN_IO~17.3913~0.05434782~0, ColoredLightBeam><2033.396><333.4213><-8~649~1368~642~1370~-20~0~0~0.06304335~0~0~1~None~0~0~EffectColor2~EffectColor2~EffectColor2~EffectColor2~EffectColor2~EffectColor2, ColoredLightBeam><3139.653><46.37918><8~674~636~677~635~-44~-72~218~0.06303804~0~0~1~None~0~0~EffectColor2~EffectColor2~EffectColor2~EffectColor2~EffectColor2, ColoredLightBeam><3577.32><70.41319><9~648~484~649~495~3~0~0~0.01956508~0~0~1~None~0~0~EffectColor2~EffectColor2~EffectColor2~EffectColor2~EffectColor2, ColoredLightBeam><3530.588><59.61786><83~652~401~649~397~-1~345~23~0.05217378~0~0~1~None~0~0~EffectColor2~EffectColor2~EffectColor2~EffectColor2~EffectColor2, ColouredLightSource><5176.227><722.6989><-361~-311~FF0353~704^-776~0.4891304~True~1~0~0.5~Always~0~100, ColoredLightBeam><5703.195><94.28406><8~625~813~625~811~-28~0~0~0.08478247~0~0~1~None~0~0~EffectColor2~EffectColor2~EffectColor2~EffectColor2~EffectColor2, LightSource><4196.69><718.932><0.3586957~EffectColor2~699~-55~50~86.60254~1~1~None~0~0, LightSource><557.1449><714.5798><0.3152174~EffectColor2~-755~-464~50~86.60254~1~1~None~0~0, LightSource><1495.446><716.0394><0.326087~EffectColor2~717~-534~50~86.60254~1~1~None~0~0, BlueLanternStick><2635.15><152.8821><-6~-109, BlueLanternStick><2961.377><190.3422><-19~-149, BlueLanternStick><2162.885><189.6024><-40~-97, LightSource><2166.237><185.6996><0.2173913~EffectColor1~234~164~50~86.60254~1~1~None~0~0, LightSource><2637.345><150.8239><0.2826087~EffectColor1~114~232~50~86.60254~1~1~None~0~0, LightSource><2960.098><190.8802><0.2608696~EffectColor1~28~209~50~86.60254~1~1~None~0~0, LightFixture><3286.686><186.4248><RedLight~17.32051~-10~53, 
