Template: NONE
Clouds: 1
Palette: 24
EffectColorB: 6
Effects: Fog-1-20-20, 
FadePalette: 3, 0.3478261, 0.3478261, 0.3369565, 0.3586957, 0.3478261, 0.3478261, 0.3369565, 0.3586957, 0.3478261, 0.326087, 0.326087, 0.3369565, 0.3586957, 0.3695652, 0.3695652
